6432399
6432386
6432321
6432288
6431712
4707441
5524809
5607056
5619408
6432145
5604438
5619336
5573979
4261478
5615156
5527879
5573555
6427011
4288171
5574571
5574216
5572081
4406737
5573848
5572240
5556944
5543796
5543772
4265982
5606792
5606154
5606027
5606739
5606701
5606658
5009542
5315215
5315712
5315648
5009476
5017009
5015360
5834525
5015299
5834379
5347969
5834368
5034049
5033686
5033634
5033600
5014806
5009470
5606640
5009440
4817280
4817224
5113219
5113208
5113216
6819362
4817216
6819329
6819298
6410576
6800806
5159642
6438757
4269079
4288245
5571393
5595777
4817250
5542848
5544833
4268614
4268609
4314177
4470912
4314167
4314128
5556420
5544113
5544065
5618960
5617467
5543786
4707770
4707511
5570691
5584128
4261486
6802625
6802511
6425381
6410451
6425299
6410369
6803278
6803055
6817177
5015843
6802964
6802883
6817455
6816390
6800187
5544579
6800192
6800144
6800000
6816335
6802767
6819712
6819688
6802692
6801373
6801536
6801475
6801260
6801282
6801224
6801025
4314146
6410318
6410304
6611408
6801019
5606593
6800993
5606432
6800832
4407534
6800813
6526851
5015083
6800711
6800708
4268544
6800672
6417537
5526087
6417408
6412354
6379472
5598914
5598848
5581776
5581952
5539202
4265056
5598676
5598656
5598607
5598539
4269122
4269025
6430134
5619381
5574542
5574532
5598400
5574512
5351491
5351044
5351426
5350977
5247725
4435233
5247676
5247683
6410504
4487520
4312080
5574349
5573708
5589687
4658343
5571931
4658375
5571971
4658395
4658399
5566128
5152854
5572154
5618387
5572104
5539184
4658314
5572046
5571773
5247616
5571597
5571590
5544710
5571584
5571340
5571308
5011095
5573956
5544819
4268304
5548672
6430429
6432171
5606606
5573760
4713152
4430853
4658412
6800773
4658318
5571137
5571073
5617383
5594817
5618948
5618896
5618144
5619075
5159659
4266298
6430950
6417520
5524706
5315610
5618689
5527874
5531056
5531072
5618371
5618336
5618592
5530882
5530625
5315600
5530592
5527810
5033561
5527744
5527682
5619648
5619216
5619269
5574403
5619193
5619587
6802008
5571776
5619552
5619024
5525771
5525570
5525504
5525440
5525406
5525256
5525188
4713056
5523755
6611424
5573568
5574320
5160759
5598776
5318092
6611266
6611264
5580216
5599297
5579888
5272899
5545852
5527936
5250238
5250224
4470896
5250242
5033536
5606848
4713139
5605953
5544707
5605920
5016784
5566208
5543813
5545728
5545718
5545673
4473466
5608146
5608256
5617490
5608096
5573636
6547072
4658417
6551541
6550960
4658363
6547008
5545235
5532560
5532032
4269131
5586141
5586112
6432218
6432129
6432124
6431708
4269085
5606784
4269056
5606720
4268992
5547648
5547600
5545888
5545859
5545840
5556960
5545103
5545089
4707499
5545072
5526147
4266055
4285210
4285184
4265988
5599234
5608192
4265985
4265971
5545173
5543680
5010624
5583936
4267130
6425993
4658233
6549248
5580291
6430959
6430851
5009511
6430847
6431107
5315809
6431080
6430912
4473347
4658348
4473216
5556568
5315204
4473152
4313627
4658201
4265856
4713075
4266668
4406736
5318015
4229392
4657883
6431425
4477088
4713405
5579803
5595972
5502384
4288242
6426880
4707840
5015236
4288145
5574980
4707642
5593448
5579977
5573944
5524675
5315152
4713473
4833088
4286650
5556657
6430145
4473473
5541936
5347888
6430313
5580222
4431011
5566172
4833109
4430928
4288217
4407536
4288096
5570677
4288211
4270016
4657839
6431775
5502276
6430357
5573369
6379589
0
5152708
5586048
5572611
4658001
5518018
6438665
5538512
5526459
4707734
5580547
5593984
5556384
5599681
5532496
4833772
4266822
4266690
4261555
5318019
6460164
4990357
5556848
5318026
5594536
5318124
4477250
5593925
4658305
4713546
4473195
6605637
4711898
5544048
6605571
6605507
6605472
4713344
4195712
4472706
4477185
5599152
4265903
4265090
5593860
6819883
6430210
5596416
5615152
5545153
6430502
5593882
6430731
4264880
6438688
4430800
5544571
6459780
5524609
5543745
6547041
4288132
5524479
4313656
6459760
5010649
5573510
5592653
4833730
5573891
4261544
5526400
5574049
5598784
5318100
5544654
4269632
4833154
6430664
5034000
5556550
4267010
5571130
5160555
6425411
4261510
6800784
5570552
5574648
5606444
5594500
5152793
5834464
5619472
5570203
4406783
5527664
5570961
5351040
5542144
5579469
5318036
5247734
6430190
5015863
5548864
5608584
6555808
6430401
6431751
5016915
5532000
6430786
6379558
5571845
4713370
6430722
5607123
5616081
5570705
6430718
5599169
4265920
4261441
4707848
5580627
6430596
4658307
4313424
4990618
4438208
4406767
4407104
4261183
6430149
5580632
5556611
4266912
4288182
5598718
4658128
6801429
5615987
4261152
5571384
6547056
5599001
5328768
5574082
4657345
4658054
5525211
6459829
5607106
5616064
4657985
6611280
4261198
5572848
6803179
5531143
5571454
4707232
5586092
5592064
4313606
5502976
4473262
4288130
5160960
5575118
5532368
4266304
4833504
5616240
6801409
5574163
6385920
5524459
4312143
4266266
5524741
5574657
4657920
5595841
6460112
5616061
6802851
5617409
6424960
5526657
4658356
4313473
5571906
5318096
5834390
5574608
5606465
4261272
5518329
6801309
4261716
5617360
6424911
6803334
4990832
4657893
5579074
5272896
5556496
5012034
4658193
5250306
5617584
5606102
6430238
6425984
5014792
6460016
5011913
4658072
4312193
5594774
5596192
5566145
4286644
5574188
4312256
4657344
5619389
5592515
5566432
5526654
5574973
5579936
4314256
4266753
5573440
4438272
5618176
5318083
4658177
5544768
5523866
5598724
5497200
5572354
5545904
6425281
5571200
5615990
4707421
5615973
4266746
6424942
6410566
6459835
5571458
5545704
5524802
5607049
5616007
5607086
4833712
5525632
5579380
5497265
4473469
5502080
5544131
4195952
5015206
4658379
4707648
4407555
5571658
5579123
5573151
6549232
5593712
6438785
6611072
5570458
5524175
6801351
4990342
5160544
5571427
5573827
6424837
5526051
6438744
5571311
5616101
4266765
4437058
4658022
5592484
4430736
5594525
4286657
5015231
5570627
5618752
6424972
4713410
4817247
4266330
5574016
4707393
4711872
5545281
6611283
6424816
5592832
5497280
6430339
5159796
4657796
5617378
6424929
4658101
6546912
5572590
4990320
5594561
5617477
5605943
5556674
4711939
6801288
5618832
5594944
5579346
6412417
4707411
5617474
5595079
5571479
5594989
5581968
5571517
5573010
4407094
6459969
6801104
5526082
5502194
5580184
5247744
5619501
4658009
5572544
5574037
4261678
5318088
4713069
5604390
5571544
4658421
5572137
4313538
5572722
5599042
6611296
5618451
6460034
5497273
5570300
5606214
5574861
6817322
6551568
4266256
5570192
6385792
5525824
4406849
5566466
6409984
5524635
4657805
5571521
5550960
4266269
6605478
5570829
4406878
6557984
6432192
5572224
6425151
5570539
4438340
5589443
5571527
6459904
4312128
4707773
5502082
4261332
6611299
5525888
4473323
4707542
5545218
5570599
5619744
5570475
4712000
4312241
6459802
4657358
6432395
5502256
4261573
5557008
5598812
4707491
5318128
5544701
5579040
5532464
5604128
5317857
4657951
4312140
5572232
5618240
4658241
5619456
5523904
5574666
5573248
4833195
4500256
4261376
5570621
4707250
6412256
4431045
4657981
5574033
4313653
4261187
6821090
4438262
4266624
5272906
6459841
4707376
5573316
6430736
5502090
4288114
4658140
6417413
5579840
4261687
5594936
4312176
4658013
6819612
5580422
5572691
5272961
5317840
4288185
6430793
5571485
6385860
4288195
6430128
5594926
5619916
4286667
5250444
5160864
6430683
5570308
5574720
5518000
5571373
4435200
5525090
6431375
5538561
4707456
5570410
5570562
6430530
5523719
5570565
5152964
5594829
5606461
4473274
4288142
5572681
5572344
4264900
6438708
6425271
4407489
5525121
4990627
5608512
4288259
6438656
6430231
5617387
6526816
6438729
4713349
4658108
5273224
5526337
4472576
4472684
4472820
6552333
5011962
4472989
6424833
5152797
5547806
5538848
4438200
5572880
5538880
5017025
5596309
6546938
4473208
4473239
4496752
4472864
5570444
4312098
4313591
5593092
5570848
5593071
5616256
5571010
5350960
6555811
5618497
4261360
4473366
4261755
5595004
4477179
5570884
5592972
4473222
4707584
4473183
6550976
4657852
4990560
4833795
5593732
5592324
6430372
4288179
4313560
5570699
5033551
5594919
5160768
6440320
4657993
5589619
6409968
6424898
5619556
4658064
5589696
5618816
5572533
5574026
6425036
5618881
6425101
4658068
4269888
5250414
5160834
5594033
6816285
5617406
5595011
4500263
4261383
5152704
5152770
5152834
5581520
5572562
5153632
4269101
5152957
5594480
5518337
5572930
5619393
4657901
5579082
5160822
5574070
5594972
5152705
5542768
5595023
5544898
5518024
5572965
5523696
5351409
5618656
5570880
5152840
5152967
5619504
4437048
4437051
5595175
5595239
4267077
6546947
4407478
5595906
4267136
5580204
4261648
4657349
4261704
5525851
4261761
5592554
4833536
5271328
6426997
5523732
4713345
5556867
4266278
6425156
5570719
6427701
5523726
5606562
4707776
5572223
6427712
4817257
5574208
6425218
6430751
4312184
6426272
6425397
5159832
4657860
5574464
6425474
5596393
4267082
6412544
5351021
5571985
4267103
6552320
6440345
6431409
5271348
5574800
6424891
6425181
4472836
5159616
5599203
6802561
5570836
6425407
4406787
5160752
6425323
5619728
4267070
5573184
5543088
5593850
5573235
5589408
5589440
5606984
6431120
5547264
5542785
5543056
5570339
5159652
4437040
4472872
5589636
4268427
5593908
4195904
5595808
5573413
5579085
5544671
5272945
5593940
6425253
5599632
5571265
6425261
5152779
5579969
4261391
5570752
4473418
5595765
4477120
5523713
4707447
5550992
5573449
6555843
5525953
5526301
4473287
5572527
5579992
4269872
5273168
5523992
4430768
5572913
4473254
5524340
4473281
5524353
5606691
5524576
5526384
4657997
4707266
5619521
5606084
4658029
4472897
4477256
4707253
4477226
4657879
5572219
5618502
5011972
5159779
5599053
5618462
5572183
5618466
5618483
6426200
5618487
4264895
5580228
5575005
5615968
5571302
5545921
5592204
5592384
5592588
5594695
5524524
6430362
5159819
5113212
4713088
4657847
5159874
5604417
5571808
4711840
5595696
4266945
5595715
5583680
6412295
5579201
5594131
5159668
5592508
5580302
6438777
4990567
5159684
5347910
4711892
5159792
5160781
4658084
5317845
5594050
5594043
6546934
5014784
5579138
6552304
5160828
5570436
5318119
5579394
4286640
5579578
5573821
5579793
5573562
5015180
4261215
5570576
5579906
5579148
5579376
6801548
6425312
5604162
5604309
5531200
5604357
5573059
5589507
5579056
5579807
4268416
5573298
4658089
4658433
5573642
5618432
4473301
5604156
4313588
5525904
6801541
5580267
6820960
5617602
5580277
4314263
4990592
5595257
6425335
6803072
6816509
4438160
5160772
6425343
6816519
4438170
6425353
5542800
5594886
5543711
6430553
4288098
6432313
5526062
5607092
5526470
5016833
4288249
6430704
4473363
6426863
5113200
4657835
5604397
